56568
57052
55755
42767
36713
47921
36468
59929
30737
22978
39055
54738
15682
40289
57611
8646
40334
59958
36197
2431
2582
24439
12842
13439
3454
41627
14683
48191
62002
9770
60626
24650
15523
41809
5885
16397
53800
50337
28803
8571
39065
26314
34608
16757
7826
306
38118
27060
26161
43231
62419
62752
17631
9239
51876
4695
20469
57584
61354
57857
61632
36028
20346
38464
49170
618
49764
61451
35603
19040
50957
63731
36397
15288
7868
41421
18528
48439
36119
41882
24255
47038
47116
9563
1606
5451
16597
60025
20248
64099
3018
14175
2166
7344
23795
57265
11813
19662
64211
43328
24327
6890
10825
4737
36739
53840
48497
47537
24916
51076
65321
56416
31634
19237
21626
21788
12711
12863
34830
59277
23688
16012
55565
49592
44891
16215
51700
44292
3507
16854
62384
12606
38470
54974
43434
49646
40820
22121
21224
12426
52109
11607
1750
61172
30624
58608
12417
62383
304
40841
58510
13842
62277
45073
54310
2853
60153
27830
44215
7640
37899
13691
35068
9528
14482
17264
22153
54059
4279
22564
43872
7389
27125
63090
7155
62702
21874
56053
19203
48509
23676
58044
29876
10051
40425
10071
23796
20851
8243
34652
16741
56872
22638
5967
41053
18242
15940
36791
27603
10674
28311
65305
10250
63429
6815
6502
50521
45107
58650
65146
61934
56787
33835
20218
38692
27893
33249
46648
5451
24107
55329
35123
11136
15464
19587
55914
55084
38034
22122
2178
37549
47341
19120
48783
25680
31096
26144
233
2254
28053
53046
58534
1732
6563
37503
8836
44529
61054
4007
52402
27839
34709
63978
337
46157
63664
31192
48732
64888
42179
49630
48906
50211
21909
28586
2728
18465
57036
58342
8744
6126
57459
42208
20466
20520
33601
20720
54607
48841
46737
22525
40602
55660
23219
63902
58060
34365
19668
1111
63778
56856
53783
50019
40932
18385
57361
63727
36503
1852
6070
54168
9239
47641
30562
29873
15001
22629
14125
58064
6292
28703
31269
34341
19022
15812
28235
31757
9356
25943
44429
61889
16917
54190
43706
9402
31506
20363
18400
53097
25554
36214
24265
27498
6083
62299
43464
25781
526
22775
41422
50393
1891
58195
14421
65309
16484
64341
57058
61352
45594
25765
50328
13868
48606
43701
11008
20673
32021
45063
59378
2873
51775
55303
47552
23419
16807
26708
48769
53605
13166
45850
52793
41426
2099
60383
29506
42458
27748
12947
62406
39506
11637
6298
9177
34167
52072
20618
16557
33419
39168
13963
48145
47731
57711
48085
58104
1581
62459
65317
35713
29094
30957
30031
15856
31778
57206
9084
33269
50303
40560
44966
27910
40002
483
18046
12669
27080
12750
53110
5938
35194
25481
7059
61246
36055
58054
39099
7159
60799
64008
15704
44661
65471
10317
28137
51619
44139
29485
23379
31553
6806
46589
1073
64126
26584
18371
37079
52505
7941
12118
6072
44274
41561
57118
4731
17173
58509
23732
31189
26861
54634
5239
58058
48743
59217
62029
19094
2808
13607
49012
59935
14758
36945
3459
19994
23506
11896
63839
41173
11731
45900
59735
5518
12674
58742
47344
30252
53298
52187
61158
8905
46387
6965
1703
16791
63068
30809
13088
17639
53061
60223
31769
22368
63536
3771
42797
11098
43378
49765
63679
19643
31100
60530
48437
37953
44269
51643
30478
4802
40846
20450
1907
35346
24785
49621
46332
54019
55549
7967
25558
56287
4952
62374
62253
58237
2141
64761
39567
23233
18078
28061
26231
15175
38071
29303
62031
28206
28659
15564
6000
3132
40162
49240
8469
16456
46847
45892
54322
35170
19760
8507
11478
6775
2103
5620
34966
27890
8446
57985
17236
35267
64614
15788
51584
33822
44058
48901
19695
35279
52559
53274
40972
25117
25101
21569
600
17519
52646
46811
43440
24326
46017
24455
39247
60206
41184
25598
29342
12920
50710
44627
45299
53058
48556
17551
34818
52536
63055
20965
579
9159
39926
31493
8168
36896
23409
45993
32201
50490
19936
40110
23768
41508
30209
40220
60324
63629
10512
46706
9098
62003
18879
9014
55134
21336
37925
20103
12590
25924
12087
43647
36164
58859
601
29168
41258
52187
50520
58974
13100
20313
42368
7652
22874
32194
36203
52044
37605
39605
25854
32368
58409
58839
58892
59631
184
42013
13920
36086
6153
56089
19468
34383
58547
19275
2729
37470
35885
24427
597
10157
53679
59587
8590
61969
17031
16289
33855
55965
49472
20970
47652
27683
8037
7124
28648
49788
4
14201
50880
46650
48963
37403
59521
58466
37381
53565
32792
58377
64402
41247
51878
7957
23318
39169
29133
39312
63392
56100
28460
37057
9068
19991
57596
27230
57049
44418
8956
26961
42199
39400
15239
6786
38405
54183
60647
19916
10581
30056
38171
44800
33105
2080
46231
65033
59380
56947
5434
23775
10541
10556
24559
58255
14630
33631
40902
28465
63582
21063
1678
36236
61451
51779
61391
11697
34246
56701
60751
58153
41562
203
53930
42688
56521
56862
38370
677
27864
37025
12176
247
65354
25938
53491
22786
52889
52132
3654
41354
27809
53190
27494
31541
35185
17039
56723
1581
53534
27946
49575
44816
4690
40909
53382
43595
8665
3575
15890
57192
128
44927
18377
45223
20730
26416
35316
60462
5846
38158
57992
21447
30388
50948
685
58483
63107
11717
174
20675
50066
18544
55011
48528
18173
18238
13945
39237
53482
36706
2534
34801
8975
40890
28578
39661
60541
6638
32164
63293
59206
40348
18083
21336
52381
24212
3534
20682
4630
19096
25310
14713
45677
17076
47386
30890
49798
26217
34454
48652
24582
61337
53170
58039
34360
21507
21528
50768
28829
45014
8265
41573
37910
15271
46969
3411
37102
18883
10078
45395
17675
64327
20674
51567
52878
16228
22186
51661
39038
26137
12414
19669
46312
30470
42177
57284
54902
58197
46833
39228
14082
4948
46945
22505
60849
45935
27771
2063
30033
44222
9464
39414
2
608
14309
14771
18236
45411
31833
32843
43972
29864
28066
30659
4112
27622
64439
29804
1339
3138
53561
38747
53125
5343
8772
48396
57133
6568
51303
12737
36382
24001
37408
40868
62988
27787
44469
47902
15861
6003
2682
31959
52608
7939
26241
38914
59601
61947
39923
64525
37924
9535
7877
54251
35968
54751
39877
45070
11709
17149
21265
33812
22249
827
17450
23443
39005
10072
8078
13103
2885
62880
25353
8702
15633
14008
8432
60385
14950
1838
61938
